[gd_scene load_steps=4 format=3 uid="uid://qax6ko45b8ht"]

[ext_resource type="Script" uid="uid://dlg8umfgovv4p" path="res://assets/characters/humanoid/human/controllers/character_controller.gd" id="1_4ds5y"]
[ext_resource type="ArrayMesh" uid="uid://0kpgktrwo2hr" path="res://assets/characters/humanoid/humanoid_mesh.res" id="1_r4ila"]

[sub_resource type="CapsuleShape3D" id="CapsuleShape3D_4ds5y"]

[node name="HumanCharacter" type="Node3D"]

[node name="CharacterRoot" type="CharacterBody3D" parent="."]
transform = Transform3D(100, 0, 0, 0, -1.19209e-05, 100, 0, -100, -1.19209e-05, 0, 0, 0)
script = ExtResource("1_4ds5y")

[node name="Skeleton3D" type="Skeleton3D" parent="CharacterRoot"]
bones/0/name = "LeftFootCtrl"
bones/0/parent = -1
bones/0/rest = Transform3D(-3.57628e-07, -2.98023e-08, -1, 1, 0, -3.8743e-07, -5.96046e-08, -1, 5.96046e-08, 0.00204209, 0.0014881, 0.00193205)
bones/0/enabled = true
bones/0/position = Vector3(0.00204209, 0.0014881, 0.00193205)
bones/0/rotation = Quaternion(-0.5, -0.5, 0.5, 0.5)
bones/0/scale = Vector3(1, 1, 1)
bones/1/name = "LeftHeelRoll"
bones/1/parent = 0
bones/1/rest = Transform3D(-0.000535488, -1, -0.000899166, -0.031728, 0.000915766, -0.999496, 0.999496, -0.000506669, -0.0317285, 0.000708526, 0.00179901, -0.000222404)
bones/1/enabled = true
bones/1/position = Vector3(0.000708526, 0.00179901, -0.000222404)
bones/1/rotation = Quaternion(-0.507513, 0.508227, -0.491907, -0.492101)
bones/1/scale = Vector3(1, 1, 1)
bones/2/name = "LeftToeRoll"
bones/2/parent = 1
bones/2/rest = Transform3D(-0.978563, 0.203478, 0.031728, -0.203609, -0.979052, -0.000915545, 0.030877, -0.00735603, 0.999496, -0.000286643, 0.00306933, 1.04251e-05)
bones/2/enabled = true
bones/2/position = Vector3(-0.000286643, 0.00306933, 1.04251e-05)
bones/2/rotation = Quaternion(0.0157359, -0.00207907, 0.994625, -0.102322)
bones/2/scale = Vector3(0.999998, 1, 1)
bones/3/name = "LeftFootIK"
bones/3/parent = 2
bones/3/rest = Transform3D(0.987642, 0.00604606, 0.15661, -0.0888166, -0.801721, 0.591063, 0.129131, -0.597668, -0.791276, -1.82139e-05, 0.00241522, 0.0018005)
bones/3/enabled = true
bones/3/position = Vector3(-1.82139e-05, 0.00241522, 0.0018005)
bones/3/rotation = Quaternion(0.946129, -0.0218708, 0.0755026, -0.314104)
bones/3/scale = Vector3(1, 1, 1)
bones/4/name = "LeftFootIK_end"
bones/4/parent = 3
bones/4/rest = Transform3D(1, 0, 0, 0, 1, 0, 0, 0, 1, 0, 0.00301254, 0)
bones/4/enabled = true
bones/4/position = Vector3(0, 0.00301254, 0)
bones/4/rotation = Quaternion(0, 0, 0, 1)
bones/4/scale = Vector3(1, 1, 1)
bones/5/name = "LeftFootRollCtrl"
bones/5/parent = 0
bones/5/rest = Transform3D(-3.57628e-07, 1, 5.96046e-08, 2.98023e-08, 1.19209e-07, -1, -1, -3.8743e-07, 0, -7.93636e-17, -5.72205e-10, -4.33681e-19)
bones/5/enabled = true
bones/5/position = Vector3(-7.93636e-17, -5.72205e-10, -4.33681e-19)
bones/5/rotation = Quaternion(0.5, 0.5, -0.5, 0.5)
bones/5/scale = Vector3(1, 1, 1)
bones/6/name = "LeftFootRollCtrl_end"
bones/6/parent = 5
bones/6/rest = Transform3D(1, 0, 0, 0, 1, 0, 0, 0, 1, 0, 0.00292767, 0)
bones/6/enabled = true
bones/6/position = Vector3(0, 0.00292767, 0)
bones/6/rotation = Quaternion(0, 0, 0, 1)
bones/6/scale = Vector3(1, 1, 1)
bones/7/name = "LeftKneeCtrl"
bones/7/parent = 0
bones/7/rest = Transform3D(-4.76837e-07, -1.76965e-07, -1, -1.76965e-07, -1, 1.76965e-07, -1, 1.76965e-07, 3.57628e-07, -0.00617958, -0.00586701, 0.00025887)
bones/7/enabled = true
bones/7/position = Vector3(-0.00617958, -0.00586701, 0.00025887)
bones/7/rotation = Quaternion(-0.707107, 1.25133e-07, 0.707107, 0)
bones/7/scale = Vector3(1, 1, 1)
bones/8/name = "LeftKneeCtrl_end"
bones/8/parent = 7
bones/8/rest = Transform3D(1, 0, 0, 0, 1, 0, 0, 0, 1, 0, 0.00336816, 0)
bones/8/enabled = true
bones/8/position = Vector3(0, 0.00336816, 0)
bones/8/rotation = Quaternion(0, 0, 0, 1)
bones/8/scale = Vector3(1, 1, 1)
bones/9/name = "RightFootCtrl"
bones/9/parent = -1
bones/9/rest = Transform3D(-3.57628e-07, -2.98023e-08, -1, 1, 0, -3.8743e-07, -5.96046e-08, -1, 5.96046e-08, -0.0020752, 0.0014881, 0.00193205)
bones/9/enabled = true
bones/9/position = Vector3(-0.0020752, 0.0014881, 0.00193205)
bones/9/rotation = Quaternion(-0.5, -0.5, 0.5, 0.5)
bones/9/scale = Vector3(1, 1, 1)
bones/10/name = "RightHeelRoll"
bones/10/parent = 9
bones/10/rest = Transform3D(0.000478327, -1, -0.000931293, -0.031419, 0.000915766, -0.999506, 0.999506, 0.000507355, -0.0314186, 0.000708526, 0.00179901, 0.000222404)
bones/10/enabled = true
bones/10/position = Vector3(0.000708526, 0.00179901, 0.000222404)
bones/10/rotation = Quaternion(-0.507686, 0.507902, -0.491728, -0.492437)
bones/10/scale = Vector3(1, 1, 1)
bones/11/name = "RightToeRoll"
bones/11/parent = 10
bones/11/rest = Transform3D(-0.978557, -0.203537, 0.0314191, 0.203608, -0.979052, -0.000915601, 0.030947, 0.00550124, 0.999506, 0.000286728, 0.00306933, -7.68709e-06)
bones/11/enabled = true
bones/11/position = Vector3(0.000286728, 0.00306933, -7.68709e-06)
bones/11/rotation = Quaternion(0.0156758, 0.00115261, 0.994626, 0.102337)
bones/11/scale = Vector3(0.999994, 1, 1)
bones/12/name = "RightFootIK"
bones/12/parent = 11
bones/12/rest = Transform3D(0.99585, -0.00604615, -0.0908129, 0.0494506, -0.801721, 0.59565, -0.076408, -0.597668, -0.798094, 1.82137e-05, 0.00241522, 0.0018005)
bones/12/enabled = true
bones/12/position = Vector3(1.82137e-05, 0.00241522, 0.0018005)
bones/12/rotation = Quaternion(0.948112, 0.011445, -0.0440931, -0.314656)
bones/12/scale = Vector3(1, 1, 1)
bones/13/name = "RightFootIK_end"
bones/13/parent = 12
bones/13/rest = Transform3D(1, 0, 0, 0, 1, 0, 0, 0, 1, 0, 0.00301254, 0)
bones/13/enabled = true
bones/13/position = Vector3(0, 0.00301254, 0)
bones/13/rotation = Quaternion(0, 0, 0, 1)
bones/13/scale = Vector3(1, 1, 1)
bones/14/name = "RightFootRollCtrl"
bones/14/parent = 9
bones/14/rest = Transform3D(-3.57628e-07, 1, 5.96046e-08, 2.98023e-08, 1.19209e-07, -1, -1, -3.8743e-07, 0, -7.93636e-17, -5.72205e-10, -8.67362e-19)
bones/14/enabled = true
bones/14/position = Vector3(-7.93636e-17, -5.72205e-10, -8.67362e-19)
bones/14/rotation = Quaternion(0.5, 0.5, -0.5, 0.5)
bones/14/scale = Vector3(1, 1, 1)
bones/15/name = "RightFootRollCtrl_end"
bones/15/parent = 14
bones/15/rest = Transform3D(1, 0, 0, 0, 1, 0, 0, 0, 1, 0, 0.00292767, 0)
bones/15/enabled = true
bones/15/position = Vector3(0, 0.00292767, 0)
bones/15/rotation = Quaternion(0, 0, 0, 1)
bones/15/scale = Vector3(1, 1, 1)
bones/16/name = "RightKneeCtrl"
bones/16/parent = 9
bones/16/rest = Transform3D(-4.76837e-07, -1.76965e-07, -1, -1.76965e-07, -1, 1.76965e-07, -1, 1.76965e-07, 3.57628e-07, -0.00617958, -0.00586701, -0.000291982)
bones/16/enabled = true
bones/16/position = Vector3(-0.00617958, -0.00586701, -0.000291982)
bones/16/rotation = Quaternion(-0.707107, 1.25133e-07, 0.707107, 0)
bones/16/scale = Vector3(1, 1, 1)
bones/17/name = "RightKneeCtrl_end"
bones/17/parent = 16
bones/17/rest = Transform3D(1, 0, 0, 0, 1, 0, 0, 0, 1, 0, 0.00336816, 0)
bones/17/enabled = true
bones/17/position = Vector3(0, 0.00336816, 0)
bones/17/rotation = Quaternion(0, 0, 0, 1)
bones/17/scale = Vector3(1, 1, 1)
bones/18/name = "HipsCtrl"
bones/18/parent = -1
bones/18/rest = Transform3D(-0.999996, 0.0028862, 0.000186031, -0.00018603, 5.36442e-07, -1, -0.0028862, -0.999996, 5.96046e-08, -2.23409e-06, -0.000312403, 0.0156417)
bones/18/enabled = true
bones/18/position = Vector3(-2.23409e-06, -0.000312403, 0.0156417)
bones/18/rotation = Quaternion(0.000954656, 0.707106, -0.707106, 0.0010862)
bones/18/scale = Vector3(1, 1, 1)
bones/19/name = "Hips"
bones/19/parent = 18
bones/19/rest = Transform3D(-1, -0.00288614, 0.000186028, 0.00288615, -0.999996, -8.01401e-07, 0.00018603, -2.64496e-07, 1, 4.64599e-06, 0.00321951, -4.65689e-10)
bones/19/enabled = true
bones/19/position = Vector3(4.64599e-06, 0.00321951, -4.65689e-10)
bones/19/rotation = Quaternion(9.30144e-05, -2.66475e-07, 0.999999, 0.00144307)
bones/19/scale = Vector3(1, 1, 1)
bones/20/name = "Spine"
bones/20/parent = 19
bones/20/rest = Transform3D(1, 2.21478e-08, -1.97624e-08, -1.95746e-08, 0.992548, 0.121858, 2.2314e-08, -0.121857, 0.992548, 5.05243e-12, 0.00321951, 4.92802e-11)
bones/20/enabled = true
bones/20/position = Vector3(5.05243e-12, 0.00321951, 4.92802e-11)
bones/20/rotation = Quaternion(-0.0610426, -1.05388e-08, -1.04501e-08, 0.998135)
bones/20/scale = Vector3(1, 1, 1)
bones/21/name = "Chest"
bones/21/parent = 20
bones/21/rest = Transform3D(1, -2.18424e-08, 2.02599e-08, 2.23182e-08, 0.999717, -0.0237876, -1.97346e-08, 0.0237876, 0.999717, 3.07844e-14, 0.00287049, 2.11137e-10)
bones/21/enabled = true
bones/21/position = Vector3(3.07844e-14, 0.00287049, 2.11137e-10)
bones/21/rotation = Quaternion(0.0118946, 9.99934e-09, 1.10409e-08, 0.999929)
bones/21/scale = Vector3(1, 1, 1)
bones/22/name = "UpperChest"
bones/22/parent = 21
bones/22/rest = Transform3D(1, 4.09056e-16, -7.66362e-13, -7.56736e-14, 0.995166, -0.0982127, 7.62617e-13, 0.0982127, 0.995165, -1.6491e-13, 0.00305277, -4.77384e-10)
bones/22/enabled = true
bones/22/position = Vector3(-1.6491e-13, 0.00305277, -4.77384e-10)
bones/22/rotation = Quaternion(0.0491658, -3.82708e-13, -1.90437e-14, 0.998791)
bones/22/scale = Vector3(1, 1, 1)
bones/23/name = "Neck"
bones/23/parent = 22
bones/23/rest = Transform3D(1, 7.19032e-12, -1.06233e-12, -7.26821e-12, 0.98826, -0.152781, -4.86909e-14, 0.152781, 0.98826, 1.88342e-14, 0.00270864, 9.17065e-11)
bones/23/enabled = true
bones/23/position = Vector3(1.88342e-14, 0.00270864, 9.17065e-11)
bones/23/rotation = Quaternion(0.0766157, -2.54156e-13, -3.62529e-12, 0.997061)
bones/23/scale = Vector3(1, 1, 1)
bones/24/name = "Head"
bones/24/parent = 23
bones/24/rest = Transform3D(1, -1.15906e-16, -4.71136e-14, 7.08097e-15, 0.989008, 0.147863, 4.65786e-14, -0.147863, 0.989008, 1.85377e-13, 0.00278009, 2.61105e-10)
bones/24/enabled = true
bones/24/position = Vector3(1.85377e-13, 0.00278009, 2.61105e-10)
bones/24/rotation = Quaternion(-0.0741353, -2.34877e-14, 1.80418e-15, 0.997248)
bones/24/scale = Vector3(1, 1, 1)
bones/25/name = "Head_end"
bones/25/parent = 24
bones/25/rest = Transform3D(1, 0, 0, 0, 1, 0, 0, 0, 1, 0, 0.0100441, 0)
bones/25/enabled = true
bones/25/position = Vector3(0, 0.0100441, 0)
bones/25/rotation = Quaternion(0, 0, 0, 1)
bones/25/scale = Vector3(1, 1, 1)
bones/26/name = "LeftShoulder"
bones/26/parent = 22
bones/26/rest = Transform3D(0.0614735, 0.955333, 0.289066, 0.0086874, -0.290115, 0.956952, 0.998071, -0.0563159, -0.0261338, 0.0008828, 0.00281082, 0.000649611)
bones/26/enabled = true
bones/26/position = Vector3(0.0008828, 0.00281082, 0.000649611)
bones/26/rotation = Quaternion(0.586882, 0.410653, 0.548295, -0.431632)
bones/26/scale = Vector3(1, 1, 1)
bones/27/name = "LeftArm"
bones/27/parent = 26
bones/27/rest = Transform3D(-0.0180279, 0.0339575, 0.999261, 0.204563, 0.978407, -0.0295582, -0.978687, 0.203879, -0.024585, 2.30997e-11, 0.00258801, 1.73928e-09)
bones/27/enabled = true
bones/27/position = Vector3(2.30997e-11, 0.00258801, 1.73928e-09)
bones/27/rotation = Quaternion(0.08389, 0.710813, 0.0613103, 0.695664)
bones/27/scale = Vector3(1, 1, 1)
bones/28/name = "LeftForeArm"
bones/28/parent = 27
bones/28/rest = Transform3D(0.999624, -0.00970375, 0.025626, 0.0120555, 0.995567, -0.093275, -0.0246073, 0.0935489, 0.995311, 3.01753e-09, 0.00470775, 3.66724e-12)
bones/28/enabled = true
bones/28/position = Vector3(3.01753e-09, 0.00470775, 3.66724e-12)
bones/28/rotation = Quaternion(0.0467615, 0.0125733, 0.00544629, 0.998812)
bones/28/scale = Vector3(1, 1, 1)
bones/29/name = "LeftHand"
bones/29/parent = 28
bones/29/rest = Transform3D(-0.0514033, -0.0091512, 0.998636, -0.0678068, 0.997682, 0.00565221, -0.996373, -0.0674237, -0.0519046, -2.29793e-10, 0.00527228, -2.73538e-10)
bones/29/enabled = true
bones/29/position = Vector3(-2.29793e-10, 0.00527228, -2.73538e-10)
bones/29/rotation = Quaternion(-0.0265468, 0.72474, -0.0213082, 0.688181)
bones/29/scale = Vector3(1, 1, 1)
bones/30/name = "LeftHandIndex1"
bones/30/parent = 29
bones/30/rest = Transform3D(0.987998, -0.00908449, -0.154197, -0.00849307, 0.993564, -0.112954, 0.154231, 0.112908, 0.981562, -8.49457e-11, 0.001386, 8.12405e-10)
bones/30/enabled = true
bones/30/position = Vector3(-8.49457e-11, 0.001386, 8.12405e-10)
bones/30/rotation = Quaternion(0.0567274, -0.077465, 0.000148541, 0.99538)
bones/30/scale = Vector3(1, 1, 1)
bones/31/name = "LeftHandIndex2"
bones/31/parent = 30
bones/31/rest = Transform3D(0.991042, 0.0121625, 0.132995, 0.00962033, 0.986756, -0.161927, -0.133203, 0.161756, 0.977799, -2.05915e-10, 0.00112821, 1.0704e-09)
bones/31/enabled = true
bones/31/position = Vector3(-2.05915e-10, 0.00112821, 1.0704e-09)
bones/31/rotation = Quaternion(0.0813737, 0.0669222, -0.000639101, 0.994434)
bones/31/scale = Vector3(1, 1, 1)
bones/32/name = "LeftHandIndex3"
bones/32/parent = 31
bones/32/rest = Transform3D(0.998135, -0.00367341, -0.0609355, -0.000108146, 0.99808, -0.0619392, 0.061046, 0.0618303, 0.996218, 9.80016e-11, 0.0010213, -4.07925e-09)
bones/32/enabled = true
bones/32/position = Vector3(9.80016e-11, 0.0010213, -4.07925e-09)
bones/32/rotation = Quaternion(0.0309717, -0.0305243, 0.000892159, 0.999054)
bones/32/scale = Vector3(1, 1, 1)
bones/33/name = "LeftHandIndex3_end"
bones/33/parent = 32
bones/33/rest = Transform3D(1, 0, 0, 0, 1, 0, 0, 0, 1, 0, 0.00130499, 0)
bones/33/enabled = true
bones/33/position = Vector3(0, 0.00130499, 0)
bones/33/rotation = Quaternion(0, 0, 0, 1)
bones/33/scale = Vector3(1, 1, 1)
bones/34/name = "LeftHandThumb1"
bones/34/parent = 29
bones/34/rest = Transform3D(-0.195085, -0.904882, 0.378325, 0.0570219, 0.37462, 0.925423, -0.979127, 0.202109, -0.0214847, -0.000651483, 0.000509811, 2.44564e-05)
bones/34/enabled = true
bones/34/position = Vector3(-0.000651483, 0.000509811, 2.44564e-05)
bones/34/rotation = Quaternion(-0.336073, 0.630712, 0.446929, 0.538064)
bones/34/scale = Vector3(1, 1, 1)
bones/35/name = "LeftHandThumb2"
bones/35/parent = 34
bones/35/rest = Transform3D(0.999605, -0.0131285, -0.0248508, 0.002269, 0.919006, -0.394237, 0.0280137, 0.394024, 0.918673, 1.1804e-09, 0.00105868, -6.18732e-12)
bones/35/enabled = true
bones/35/position = Vector3(1.1804e-09, 0.00105868, -6.18732e-12)
bones/35/rotation = Quaternion(0.2012, -0.0134934, 0.00393015, 0.979449)
bones/35/scale = Vector3(1, 1, 1)
bones/36/name = "LeftHandThumb2_end"
bones/36/parent = 35
bones/36/rest = Transform3D(1, 0, 0, 0, 1, 0, 0, 0, 1, 0, 0.0013226, 0)
bones/36/enabled = true
bones/36/position = Vector3(0, 0.0013226, 0)
bones/36/rotation = Quaternion(0, 0, 0, 1)
bones/36/scale = Vector3(1, 1, 1)
bones/37/name = "RightShoulder"
bones/37/parent = 22
bones/37/rest = Transform3D(0.0614738, -0.955333, 0.289066, -0.38147, -0.290115, -0.877675, 0.922335, -0.056316, -0.382265, -0.000882801, 0.00281082, 0.000649611)
bones/37/enabled = true
bones/37/position = Vector3(-0.000882801, 0.00281082, 0.000649611)
bones/37/rotation = Quaternion(0.658379, -0.507611, 0.459994, 0.311887)
bones/37/scale = Vector3(1, 1, 1)
bones/38/name = "RightArm"
bones/38/parent = 37
bones/38/rest = Transform3D(-0.883565, -0.0519442, -0.465419, 0.0483344, 0.978406, -0.200957, 0.465808, -0.200054, -0.861975, 2.83682e-10, 0.00258801, 1.07696e-09)
bones/38/enabled = true
bones/38/position = Vector3(2.83682e-10, 0.00258801, 1.07696e-09)
bones/38/rotation = Quaternion(-0.0009353, 0.964877, -0.103902, -0.241281)
bones/38/scale = Vector3(1, 1, 1)
bones/39/name = "RightForeArm"
bones/39/parent = 38
bones/39/rest = Transform3D(0.995523, -0.0940452, -0.00945521, 0.0940312, 0.995567, -0.0019146, 0.00959336, 0.00101694, 0.999953, -3.36019e-10, 0.00470775, -2.17837e-09)
bones/39/enabled = true
bones/39/position = Vector3(-3.36019e-10, 0.00470775, -2.17837e-09)
bones/39/rotation = Quaternion(0.000733706, -0.00476748, 0.0470719, 0.99888)
bones/39/scale = Vector3(1, 1, 1)
bones/40/name = "RightHand"
bones/40/parent = 39
bones/40/rest = Transform3D(0.997817, 0.0660417, 0.000123657, -0.0660308, 0.997682, -0.0164209, -0.00120784, 0.0163769, 0.999865, -8.8075e-11, 0.00527228, 5.62095e-09)
bones/40/enabled = true
bones/40/position = Vector3(-8.8075e-11, 0.00527228, 5.62095e-09)
bones/40/rotation = Quaternion(0.00820422, 0.000333067, -0.0330373, 0.99942)
bones/40/scale = Vector3(1, 1, 1)
bones/41/name = "RightHandIndex1"
bones/41/parent = 40
bones/41/rest = Transform3D(0.987999, 0.00908416, -0.154195, 0.00849304, 0.993564, 0.112953, 0.154228, -0.112907, 0.981563, 2.04311e-10, 0.001386, -3.70738e-09)
bones/41/enabled = true
bones/41/position = Vector3(2.04311e-10, 0.001386, -3.70738e-09)
bones/41/rotation = Quaternion(-0.0567273, -0.0774636, -0.000148467, 0.99538)
bones/41/scale = Vector3(1, 1, 1)
bones/42/name = "RightHandIndex2"
bones/42/parent = 41
bones/42/rest = Transform3D(0.991042, -0.0121625, 0.132994, -0.00961974, 0.986756, 0.161925, -0.133202, -0.161754, 0.9778, -7.71198e-11, 0.00112821, 3.54699e-09)
bones/42/enabled = true
bones/42/position = Vector3(-7.71198e-11, 0.00112821, 3.54699e-09)
bones/42/rotation = Quaternion(-0.0813727, 0.0669213, 0.000639251, 0.994434)
bones/42/scale = Vector3(1, 1, 1)
bones/43/name = "RightHandIndex3"
bones/43/parent = 42
bones/43/rest = Transform3D(0.998135, 0.00367353, -0.060933, 0.000108131, 0.99808, 0.0619436, 0.0610435, -0.0618346, 0.996218, 3.3122e-10, 0.00102131, 7.92883e-10)
bones/43/enabled = true
bones/43/position = Vector3(3.3122e-10, 0.00102131, 7.92883e-10)
bones/43/rotation = Quaternion(-0.0309739, -0.030523, -0.000892195, 0.999054)
bones/43/scale = Vector3(1, 1, 1)
bones/44/name = "RightHandIndex3_end"
bones/44/parent = 43
bones/44/rest = Transform3D(1, 0, 0, 0, 1, 0, 0, 0, 1, 0, 0.00130499, 0)
bones/44/enabled = true
bones/44/position = Vector3(0, 0.00130499, 0)
bones/44/rotation = Quaternion(0, 0, 0, 1)
bones/44/scale = Vector3(1, 1, 1)
bones/45/name = "RightHandThumb1"
bones/45/parent = 40
bones/45/rest = Transform3D(-0.433143, -0.860928, -0.266814, -0.184949, 0.374621, -0.908545, 0.882146, -0.344183, -0.321492, -0.000639193, 0.000509813, -0.000128306)
bones/45/enabled = true
bones/45/position = Vector3(-0.000639193, 0.000509813, -0.000128306)
bones/45/rotation = Quaternion(-0.358374, 0.729599, -0.429252, -0.393696)
bones/45/scale = Vector3(1, 1, 1)
bones/46/name = "RightHandThumb2"
bones/46/parent = 45
bones/46/rest = Transform3D(0.990576, -0.114874, -0.0745816, 0.134477, 0.919007, 0.370598, 0.0259689, -0.377135, 0.925794, 2.73743e-09, 0.00105868, -8.4586e-10)
bones/46/enabled = true
bones/46/position = Vector3(2.73743e-09, 0.00105868, -8.4586e-10)
bones/46/rotation = Quaternion(-0.190903, -0.0256714, 0.0636616, 0.979206)
bones/46/scale = Vector3(1, 1, 1)
bones/47/name = "RightHandThumb2_end"
bones/47/parent = 46
bones/47/rest = Transform3D(1, 0, 0, 0, 1, 0, 0, 0, 1, 0, 0.0013226, 0)
bones/47/enabled = true
bones/47/position = Vector3(0, 0.0013226, 0)
bones/47/rotation = Quaternion(0, 0, 0, 1)
bones/47/scale = Vector3(1, 1, 1)
bones/48/name = "LeftUpLeg"
bones/48/parent = 19
bones/48/rest = Transform3D(0.989497, 0.137679, -0.0444322, 0.139164, -0.989747, 0.0321758, -0.0395474, -0.0380205, -0.998496, 0.00201529, 0.000584633, 7.86453e-10)
bones/48/enabled = true
bones/48/position = Vector3(0.00201529, 0.000584633, 7.86453e-10)
bones/48/rotation = Quaternion(0.997211, 0.0694037, -0.0210534, -0.0175981)
bones/48/scale = Vector3(1.00002, 1, 1)
bones/49/name = "LeftLeg"
bones/49/parent = 48
bones/49/rest = Transform3D(0.994241, -0.0771585, 0.0743727, 0.0920417, 0.970272, -0.22383, -0.0548914, 0.229386, 0.971786, -9.17169e-11, 0.00526174, -1.08074e-11)
bones/49/enabled = true
bones/49/position = Vector3(-9.17169e-11, 0.00526174, -1.08074e-11)
bones/49/rotation = Quaternion(0.114217, 0.0325765, 0.042641, 0.992006)
bones/49/scale = Vector3(1, 1, 1)
bones/50/name = "LeftFoot"
bones/50/parent = 49
bones/50/rest = Transform3D(0.988389, 0.151566, -0.010681, -0.0479651, 0.377945, 0.924585, 0.144173, -0.913337, 0.380827, 1.20414e-10, 0.00608811, -1.16695e-10)
bones/50/enabled = true
bones/50/position = Vector3(1.20414e-10, 0.00608811, -1.16695e-10)
bones/50/rotation = Quaternion(-0.554441, -0.0467142, -0.060192, 0.828728)
bones/50/scale = Vector3(1, 1, 1)
bones/51/name = "LeftToes"
bones/51/parent = 50
bones/51/rest = Transform3D(-0.991613, -0.000969019, 0.129242, -0.0745208, 0.821302, -0.565605, -0.105599, -0.570493, -0.814486, 1.21296e-10, 0.00301254, -4.52381e-10)
bones/51/enabled = true
bones/51/position = Vector3(1.21296e-10, 0.00301254, -4.52381e-10)
bones/51/rotation = Quaternion(-0.019818, 0.952287, -0.298255, 0.0616517)
bones/51/scale = Vector3(1, 1, 1)
bones/52/name = "LeftToes_end"
bones/52/parent = 51
bones/52/rest = Transform3D(1, 0, 0, 0, 1, 0, 0, 0, 1, 0, 0.00213236, 0)
bones/52/enabled = true
bones/52/position = Vector3(0, 0.00213236, 0)
bones/52/rotation = Quaternion(0, 0, 0, 1)
bones/52/scale = Vector3(1, 1, 1)
bones/53/name = "RightUpLeg"
bones/53/parent = 19
bones/53/rest = Transform3D(0.989475, -0.137678, -0.0444391, -0.135715, -0.989747, 0.0445207, -0.0501128, -0.0380213, -0.998019, -0.00201529, 0.000584633, 7.87689e-10)
bones/53/enabled = true
bones/53/position = Vector3(-0.00201529, 0.000584633, 7.87689e-10)
bones/53/rotation = Quaternion(0.997152, -0.0685435, -0.0237056, -0.0206945)
bones/53/scale = Vector3(0.999996, 1, 1)
bones/54/name = "RightLeg"
bones/54/parent = 53
bones/54/rest = Transform3D(0.995169, 0.0974121, 0.0122231, -0.0922268, 0.970272, -0.223755, -0.0336562, 0.221547, 0.974569, 3.17123e-10, 0.00526174, -8.23066e-11)
bones/54/enabled = true
bones/54/position = Vector3(3.17123e-10, 0.00526174, -8.23066e-11)
bones/54/rotation = Quaternion(0.11217, 0.0115568, -0.0477693, 0.992473)
bones/54/scale = Vector3(1, 1, 1)
bones/55/name = "RightFoot"
bones/55/parent = 54
bones/55/rest = Transform3D(0.98537, -0.152317, 0.0764603, -0.013411, 0.377942, 0.925732, -0.169902, -0.913214, 0.37037, -2.24567e-10, 0.00608812, -5.50819e-10)
bones/55/enabled = true
bones/55/position = Vector3(-2.24567e-10, 0.00608812, -5.50819e-10)
bones/55/rotation = Quaternion(-0.556116, 0.0745025, 0.0420065, 0.826692)
bones/55/scale = Vector3(1, 1, 1)
bones/56/name = "RightToes"
bones/56/parent = 55
bones/56/rest = Transform3D(-0.997108, 0.038773, -0.0653705, 0.0690632, 0.821303, -0.566297, 0.0317319, -0.569174, -0.821605, -5.31077e-10, 0.00301254, -5.55234e-10)
bones/56/enabled = true
bones/56/position = Vector3(-5.31077e-10, 0.00301254, -5.55234e-10)
bones/56/rotation = Quaternion(0.0282607, 0.953941, -0.297574, -0.0254477)
bones/56/scale = Vector3(1, 1, 1)
bones/57/name = "RightToes_end"
bones/57/parent = 56
bones/57/rest = Transform3D(1, 0, 0, 0, 1, 0, 0, 0, 1, 0, 0.00213236, 0)
bones/57/enabled = true
bones/57/position = Vector3(0, 0.00213236, 0)
bones/57/rotation = Quaternion(0, 0, 0, 1)
bones/57/scale = Vector3(1, 1, 1)

[node name="MeshInstance3D" type="MeshInstance3D" parent="CharacterRoot/Skeleton3D"]
mesh = ExtResource("1_r4ila")

[node name="CollisionShape3D" type="CollisionShape3D" parent="CharacterRoot"]
transform = Transform3D(1, 0, 0, 0, 1, 2.84217e-14, 0, 0, 3.872, 0, -2.38418e-09, 0.02)
shape = SubResource("CapsuleShape3D_4ds5y")

[node name="AnimationTree" type="AnimationTree" parent="."]

[node name="IdleAnimation" type="AnimationPlayer" parent="AnimationTree"]
